3771
3550
3385
291
3831
3808
3367
3384
3101
3569
4029
3818
4030
3124
4032
3116
3105
3310
60040
3107
007
3838
3131
3592
3835
3374
289
3823
40366
3360
3573
3829
60041
3832
290
50222
60024
3327
3130
088
3802
3582
60070
40451
3556
40360
3574
3870
3589
3830
3128
4013
3815
14426
3134
60073
3318
4035
3132
3565
3769
4005
3118
3356
60036
3359
3559
3386
4011
023
3106
3585
50110
4019
3351
3575
3375
3557
3371
3587
3123
3834
3350
3593
3354
3820
60033
40338
51392
3828
3113
3126
3787
3567
3586
3357
3836
3369
50172
3352
3389
51302
3826
032
3365
3390
3581
16644
3871
3392
3552
60035
4038
3119
3591
3822
3825
3364
3380
3120
4018
3378
3361
3377
3366
60074
4021
3373
3824
3869
3551
3863
60023
3387
60044
3125
3566
3108
3332
3372
3758
3800
3819
50225
120
4034
3563
4022
60043
3814
3326
028
50143
3760
3122
60075
3353
3383
